{ Copyright ((c)) 2000-2004, Jonas Blomberg & Gšran Sperber. All Rights Reserved.
{  Last changed 2005 03 21
{TATAA consensus weight matrix according to Jonas Blomberg 25/10 -01TATAA::g   a   t   c4   0   53  60   61  2   00   0   63  00   61  2   00   62  1   012  43  1   711  29  15  8::{ 50 base matrix from MEME 02 09 11MEME50:: a         c         g         t 0.263157  0.000125  0.000125  0.736592  0.000138  0.000125  0.263145  0.736592  0.000138  0.263145  0.263145  0.473573  0.263157  0.210541  0.263145  0.263157  0.526177  0.473560  0.000125  0.000138  0.210554  0.631372  0.000125  0.157950  0.473573  0.263145  0.263145  0.000138  0.157950  0.631372  0.105333  0.105346  0.000138  0.000125  0.000125  0.999612  0.000138  0.736580  0.263145  0.000138  0.263157  0.526164  0.000125  0.210554  0.263157  0.736580  0.000125  0.000138  0.263157  0.052729  0.000125  0.683989  0.263157  0.736580  0.000125  0.000138  0.578781  0.000125  0.157937  0.263157  0.263157  0.000125  0.000125  0.736592  0.000138  0.894391  0.000125  0.105346  0.000138  0.368352  0.052729  0.578781  0.000138  0.736580  0.263145  0.000138  0.736592  0.263145  0.000125  0.000138  0.263157  0.473560  0.263145  0.000138  0.263157  0.210541  0.263145  0.263157  0.000138  0.263145  0.000125  0.736592  0.526177  0.000125  0.000125  0.473573  0.263157  0.368352  0.210541  0.157950  0.105346  0.578768  0.263145  0.052742  0.052742  0.263145  0.683976  0.000138  0.999612  0.000125  0.000125  0.000138  0.210554  0.000125  0.789183  0.000138  0.683989  0.000125  0.315748  0.000138  0.736592  0.000125  0.263145  0.000138  0.999612  0.000125  0.000125  0.000138  0.052742  0.946995  0.000125  0.000138  0.736592  0.263145  0.000125  0.000138  0.052742  0.736580  0.210541  0.000138  0.263157  0.736580  0.000125  0.000138  0.263157  0.736580  0.000125  0.000138  0.736592  0.000125  0.000125  0.263157  0.210554  0.526164  0.000125  0.263157  0.894404  0.000125  0.105333  0.000138  0.105346  0.263145  0.631372  0.000138  0.210554  0.000125  0.526164  0.263157  0.000138  0.000125  0.526164  0.473573  0.000138  0.526164  0.473560  0.000138  0.263157  0.000125  0.210541  0.526177  0.000138  0.000125  0.789183  0.210554  0.263157  0.210541  0.420956  0.105346  0.999612  0.000125  0.000125  0.000138  0.157950  0.000125  0.841787  0.000138  0.000138  0.000125  0.789183  0.210554 ::{ Acceptable distances from each LTR component to{                     LTR start  Hotspot   LTR endTGDistance:               0<0      50<1200 40<2200U3NNDistance:           -10<-10    40<1190 50<2190Motifs1Distance:       -500<-10    40<700  50<1700TranssitesDistance:    -500<-10    40<700  50<1700CpGDistance:           -700<-10    40<500  50<1500TATAADistance:         -700<-50   -20<300  75<1300CAPDistance:           -800<-50    10<100  65<1100SplitOctamerDistance: -1500<-70 -1000<1000  0<2000MEME50Distance:       -1500<-70 -1000<1000  0<2000AATAAADistance:       -1950<-50     0<0    40<1000Motifs2Distance:      -1950<-50  -375<150  50<1150U5NNDistance:         -1950<-54  -500<-10  45<990GTDistance:           -1950<-55  -500<-10  45<990PolyAsiteDistance:    -1950<-55  -500<-10  45<990CADistance:           -2000<-40 -1000<-50   0<0